19 20
3
1 1
9 18
2 5
16 16
1 1 1 1 1 1 1 1 1 1 1 1 1 1 1 1 1 1 1 1
0 0 0 0 0 0 0 0 0 0 0 0 0 0 0 0 0 0 0 0
0 0 0 1 1 1 0 0 0 0 1 1 1 0 0 0 0 0 0 0
0 0 1 1 1 1 1 0 0 0 1 1 1 0 0 0 1 1 1 1
0 0 1 1 1 1 1 0 0 0 1 1 1 0 0 0 1 1 1 1
0 0 0 1 1 1 0 0 0 0 1 1 1 0 0 0 1 1 1 1
0 0 0 0 0 0 0 0 0 0 1 1 1 0 0 0 1 1 1 1
0 0 0 0 0 0 0 0 0 0 1 1 1 0 0 0 1 1 1 1
0 1 1 1 0 0 0 0 0 0 1 1 1 0 0 0 0 0 0 0
0 1 1 1 0 0 0 0 0 0 0 0 0 0 0 0 0 0 0 0
0 1 1 1 0 0 0 0 0 0 0 0 0 0 0 0 0 0 0 0
0 1 1 1 1 1 0 0 1 1 1 1 1 0 0 0 0 0 0 0
0 1 1 1 1 1 0 0 1 1 1 1 1 0 0 0 0 0 0 0
0 0 0 0 0 0 0 0 0 0 0 0 0 0 0 0 1 1 1 1
0 0 0 0 0 0 0 0 0 0 0 0 0 0 0 0 1 0 0 1
0 1 1 1 1 1 1 1 1 1 1 1 1 1 1 0 0 0 0 1
0 0 0 0 0 0 0 0 0 0 0 0 0 0 0 0 0 0 0 1
0 0 0 0 0 0 0 0 0 0 0 0 0 0 0 0 0 0 0 1
1 1 1 1 1 1 1 1 1 1 1 1 1 1 1 1 1 1 1 1 